0(3, 3, 6, 64)
1(64,)
2(3, 3, 64, 64)
3(64,)
4(3, 3, 64, 128)
5(128,)
6(3, 3, 128, 128)
7(128,)
8(3, 3, 128, 128)
9(128,)
10(3, 3, 128, 256)
11(256,)
12(3, 3, 256, 256)
13(256,)
14(3, 3, 256, 512)
15(512,)
16(3, 3, 512, 512)
17(512,)
18(3, 3, 512, 512)
19(512,)
20(3, 3, 512, 512)
21(512,)
22(3, 3, 512, 1024)
23(1024,)
24(3, 3, 1024, 1024)
25(1024,)



26(4, 4, 512, 1024)
27(3, 3, 1024, 2)
28(2,)
29(4, 4, 2, 2)

30interconv5 = (3, 3, 1026, 512)
31interconv5_b = (512,)
32predict_flow5 = (3, 3, 512, 2)
33predict_flow5_b = (2,)
34deconv4 = (4, 4, 256, 1026)
35upsample = (4, 4, 2, 2)


36interconv4 = (3, 3, 770, 256)
37interconv4 = (256,)
38predict_flow4 = (3, 3, 256, 2)
39predict_flow4_b = (2,)
40deconv3 = (4, 4, 128, 770)
41upsample = (4, 4, 2, 2)


interconv3 = (3, 3, 386, 128)
interconv3_b = (128,)
predict_flow3 = (3, 3, 128, 2)
predict_flow3_b = (2,)
deconv2 = (4, 4, 64, 386)
47upsample_flow3to2 = (4, 4, 2, 2)

48interconv2 = (3, 3, 194, 64)
49interconv2_b = (64,)
50predict_flow2 = (3, 3, 64, 2)
51predict_flow2_b = (2,)
